13.8491 -2.27984 -2.27984
16.1368 -1.92425 -1.92425
13.2552 -1.94686 -1.94686
12.2776 -2.4396 -2.4396
14.0875 -1.34189 -1.34189
11.8265 -1.94532 -1.94532
13.6598 -1.65121 -1.65121
12.6349 -1.91381 -1.91381
13.7721 -1.74234 -1.74234
13.0051 -1.50013 -1.50013
15.4773 -2.61447 -2.61447
13.6488 -2.04737 -2.04737
16.3138 -1.59596 -1.59596
16.4586 -1.91896 -1.91896
12.6516 -2.53192 -2.53192
12.9214 -2.2697 -2.2697
11.7549 -2.61724 -2.61724
13.3481 -2.54638 -2.54638
14.085 -1.38426 -1.38426
12.2966 -1.80881 -1.80881
13.1575 -1.78353 -1.78353
13.6857 -2.38283 -2.38283
13.133 -0.889237 -0.889237
15.3239 -1.92788 -1.92788
13.9142 -1.7518 -1.7518
13.1855 -2.69884 -2.69884
12.1074 -2.11319 -2.11319
15.202 -1.92801 -1.92801
11.9883 -2.52428 -2.52428
14.5102 -1.38742 -1.38742
13.6205 -2.56856 -2.56856
13.8698 -2.34014 -2.34014
16.6027 -2.06471 -2.06471
16.7861 -2.41606 -2.41606
12.124 -1.69899 -1.69899
