8.5576 -0.643828 -0.643828
8.31261 0.0689784 0.0689784
6.59963 -2.15889 -2.15889
9.46184 -1.3262 -1.3262
9.14721 -1.8443 -1.8443
8.20619 -0.625814 -0.625814
9.77951 -1.20178 -1.20178
7.06392 -1.5542 -1.5542
9.13457 -1.90659 -1.90659
10.5412 -1.82562 -1.82562
9.66634 -1.57435 -1.57435
6.33682 -2.23195 -2.23195
8.38665 -1.58173 -1.58173
10.4874 -2.19517 -2.19517
8.48048 -1.25396 -1.25396
8.24875 -1.99315 -1.99315
11.1084 -2.64362 -2.64362
9.50953 -1.71714 -1.71714
7.98086 -1.89883 -1.89883
7.92346 -1.62529 -1.62529
9.5602 -2.49031 -2.49031
6.77185 -2.09034 -2.09034
9.84021 -2.64149 -2.64149
8.5948 -2.62985 -2.62985
8.95184 -1.675 -1.675
8.03919 -1.13754 -1.13754
7.98841 -2.60173 -2.60173
10.471 -3.20324 -3.20324
8.42395 -2.04568 -2.04568
10.5619 -2.10564 -2.10564
9.89715 -2.11018 -2.11018
6.44228 -2.19981 -2.19981
11.1606 -1.98016 -1.98016
9.56686 -1.93599 -1.93599
8.41403 -1.39599 -1.39599
8.45286 -1.76475 -1.76475
9.11074 -1.85131 -1.85131
6.6399 -2.44291 -2.44291
7.61243 -2.03703 -2.03703
9.18885 -1.45846 -1.45846
10.5708 -1.94124 -1.94124
7.82009 -2.16037 -2.16037
8.22148 -2.16846 -2.16846
9.05661 -1.97574 -1.97574
6.69196 -1.97384 -1.97384
8.06905 -1.85585 -1.85585
7.46284 -3.01356 -3.01356
9.53972 -1.66335 -1.66335
6.83717 -2.34798 -2.34798
