0.530509 9.6118 9.6118
0.416021 11.3491 11.3491
0.859786 12.0237 12.0237
-1.55477 9.89556 9.89556
-9.17822 9.77032 9.77032
0.169499 9.58294 9.58294
-4.91981 9.69528 9.69528
-2.49759 8.68151 8.68151
-4.72387 8.42252 8.42252
-0.394219 8.42279 8.42279
-7.22693 8.17978 8.17978
-4.50038 7.77512 7.77512
-0.476519 11.1085 11.1085
-4.55849 8.85002 8.85002
-1.50153 10.3411 10.3411
-4.30898 6.18836 6.18836
-2.72871 7.46301 7.46301
-2.48103 6.65258 6.65258
-3.14559 7.29827 7.29827
-2.91063 9.05284 9.05284
-8.57104 7.75983 7.75983
-6.27845 9.08069 9.08069
-2.7724 12.9109 12.9109
-4.80773 6.96758 6.96758
-4.72799 11.8556 11.8556
-6.9042 7.19454 7.19454
-8.42907 9.01093 9.01093
-1.79088 10.2129 10.2129
-3.77396 7.37665 7.37665
-4.88054 9.67429 9.67429
-3.58535 6.02541 6.02541
-4.32457 7.98148 7.98148
-3.47356 7.4358 7.4358
-3.92309 8.24259 8.24259
-5.29425 8.33628 8.33628
-3.81582 7.80209 7.80209
-2.86131 7.83878 7.83878
-4.44923 10.1206 10.1206
-4.04575 11.3088 11.3088
-5.14273 9.99639 9.99639
-6.4256 7.97797 7.97797
-4.34564 9.39239 9.39239
-4.74787 11.171 11.171
-7.15695 10.5704 10.5704
-3.39936 8.09274 8.09274
-2.52152 8.94756 8.94756
-3.34836 6.79127 6.79127
-3.02434 8.42196 8.42196
-0.158154 8.73598 8.73598
-2.20099 6.28463 6.28463
-4.53015 7.37699 7.37699
-2.47478 8.28356 8.28356
-6.39345 7.27149 7.27149
-1.70011 8.06347 8.06347
-4.26446 6.64063 6.64063
-2.28121 9.37607 9.37607
-2.69654 10.1045 10.1045
-3.58211 7.16916 7.16916
-2.83421 9.98589 9.98589
-4.94355 7.4613 7.4613
-1.94468 6.20676 6.20676
-1.88127 6.46398 6.46398
-5.60197 7.84868 7.84868
-3.98148 7.67463 7.67463
-4.16924 10.3015 10.3015
-2.66682 6.66423 6.66423
-5.2422 9.54254 9.54254
-3.70195 10.1894 10.1894
-4.47095 6.74784 6.74784
-3.37481 7.71913 7.71913
-3.59783 8.27985 8.27985
-4.11206 8.35703 8.35703
-2.88739 9.97923 9.97923
-5.19269 8.40808 8.40808
-4.77746 11.0565 11.0565
