-3.09923 5.76129 5.76129
-2.51054 4.15895 4.15895
-1.46338 4.59829 4.59829
-5.72515 4.00521 4.00521
-2.36333 3.55662 3.55662
-1.96485 3.4578 3.4578
-5.57021 5.16231 5.16231
-7.80169 5.72086 5.72086
-5.18524 3.18171 3.18171
-4.80011 3.44033 3.44033
-5.88392 1.78266 1.78266
-5.73141 4.13064 4.13064
-3.42583 1.91551 1.91551
-2.96731 5.42456 5.42456
-2.77095 4.30759 4.30759
-6.73987 6.56318 6.56318
-5.92239 4.99567 4.99567
-6.24805 5.98935 5.98935
-3.93543 4.80717 4.80717
-1.80368 2.32637 2.32637
-3.70194 4.62254 4.62254
-6.69917 4.86474 4.86474
-4.0252 4.56329 4.56329
-6.03671 -0.432394 -0.432394
-6.89134 1.20805 1.20805
-3.75861 1.88327 1.88327
-5.13758 4.5055 4.5055
-4.41132 5.27912 5.27912
-6.77185 1.13971 1.13971
-7.1822 5.44228 5.44228
-2.56912 5.84108 5.84108
-1.68058 5.75728 5.75728
-5.96086 3.87346 3.87346
-4.39907 3.32354 3.32354
-2.76074 5.96009 5.96009
-4.86171 5.71582 5.71582
-3.57039 4.02019 4.02019
-5.63484 4.17184 4.17184
-6.41423 5.0547 5.0547
-5.31712 4.18581 4.18581
-7.09422 5.30826 5.30826
-1.42128 2.54212 2.54212
-2.11495 4.5297 4.5297
-1.07543 4.97055 4.97055
-5.50536 5.63165 5.63165
-6.26001 5.7484 5.7484
-3.95705 5.44083 5.44083
-9.06683 1.65539 1.65539
-6.33383 2.64201 2.64201
-5.69836 6.32671 6.32671
-1.87374 3.64276 3.64276
-6.18585 6.37768 6.37768
-5.55005 5.945 5.945
-6.60677 5.89187 5.89187
-4.01615 1.29241 1.29241
-4.90352 5.0798 5.0798
-5.92985 5.73636 5.73636
-3.49838 5.21423 5.21423
-4.30525 3.70303 3.70303
-4.67458 2.22052 2.22052
-5.5697 4.43081 4.43081
-2.26185 4.57609 4.57609
-2.64936 4.6833 4.6833
-3.24115 4.62841 4.62841
-5.35646 4.65784 4.65784
-1.85414 4.88794 4.88794
-5.14608 2.60493 2.60493
-6.21581 3.43055 3.43055
-7.49453 5.43082 5.43082
-3.42469 4.15406 4.15406
-4.21701 0.432768 0.432768
-5.62557 3.72164 3.72164
