3.77642 0.185316 0.185316
4.21234 2.44743 2.44743
3.52007 3.29224 3.29224
4.42715 1.28107 1.28107
6.36788 0.922916 0.922916
4.48157 3.70309 3.70309
6.0669 3.54078 3.54078
9.30418 3.55936 3.55936
4.09806 2.75386 2.75386
4.87229 4.22604 4.22604
6.27025 1.2072 1.2072
6.33548 2.83114 2.83114
8.09613 2.89398 2.89398
4.00925 2.76259 2.76259
4.92811 2.26791 2.26791
7.5231 2.41151 2.41151
4.70584 0.488214 0.488214
5.38724 4.19848 4.19848
6.71585 1.99759 1.99759
5.1225 1.57363 1.57363
6.432 5.07434 5.07434
5.65317 4.61175 4.61175
7.56383 3.9316 3.9316
1.94416 0.613718 0.613718
8.14852 0.518259 0.518259
4.35883 0.0349761 0.0349761
3.64153 1.49435 1.49435
2.36445 2.54114 2.54114
4.45933 2.91196 2.91196
4.95268 3.42971 3.42971
2.63846 2.78298 2.78298
6.15688 2.26276 2.26276
3.82159 1.48305 1.48305
5.80503 2.8345 2.8345
4.27719 3.57533 3.57533
6.27833 4.01547 4.01547
6.00465 2.24027 2.24027
7.46492 4.38282 4.38282
6.24403 1.51216 1.51216
6.04543 1.98679 1.98679
4.24253 1.2592 1.2592
5.30861 3.56207 3.56207
4.05838 5.30197 5.30197
3.61349 3.68618 3.68618
8.08101 1.15463 1.15463
5.88911 2.92582 2.92582
5.69527 6.13874 6.13874
5.64526 4.18249 4.18249
8.10115 4.58595 4.58595
5.17468 1.9863 1.9863
3.57095 2.17959 2.17959
4.95871 6.59636 6.59636
2.81881 2.18596 2.18596
6.31572 2.47336 2.47336
5.13141 0.916429 0.916429
2.93837 2.65178 2.65178
3.81223 1.83373 1.83373
5.72268 2.60263 2.60263
4.60478 1.45036 1.45036
4.13125 3.11177 3.11177
5.9632 4.50236 4.50236
3.29709 6.3322 6.3322
5.36948 0.412898 0.412898
4.22713 3.42888 3.42888
4.47367 4.61264 4.61264
3.475 3.6761 3.6761
2.57679 1.80372 1.80372
4.74942 2.48108 2.48108
3.57076 0.958798 0.958798
4.65046 2.52166 2.52166
6.43838 2.44164 2.44164
4.3202 1.24482 1.24482
2.09561 3.93346 3.93346
6.0259 0.227548 0.227548
5.88904 2.38685 2.38685
2.75447 1.26023 1.26023
4.48503 5.56135 5.56135
4.02685 3.82858 3.82858
5.55255 4.83708 4.83708
4.43109 4.79466 4.79466
5.27747 4.19588 4.19588
6.08446 4.73074 4.73074
2.63513 1.92912 1.92912
4.03783 0.901181 0.901181
5.63675 2.70413 2.70413
1.67781 1.66176 1.66176
6.01599 1.61232 1.61232
5.64637 4.28536 4.28536
9.75626 3.28124 3.28124
6.25758 3.2569 3.2569
7.16118 3.33124 3.33124
4.99578 2.63262 2.63262
4.92433 2.92567 2.92567
4.65913 2.36026 2.36026
5.38805 4.39425 4.39425
7.34949 3.38944 3.38944
4.75604 4.70443 4.70443
7.82712 3.41883 3.41883
2.59752 2.99138 2.99138
7.31021 3.79405 3.79405
3.7594 0.661543 0.661543
5.20896 5.40331 5.40331
4.49254 1.97629 1.97629
5.49644 4.88921 4.88921
3.39791 5.03328 5.03328
3.07427 3.75736 3.75736
3.36518 5.07589 5.07589
4.78351 3.93057 3.93057
6.87089 2.18694 2.18694
5.48347 5.40052 5.40052
3.27765 4.43778 4.43778
2.76096 1.22782 1.22782
5.02053 4.93409 4.93409
5.00058 0.924264 0.924264
5.21672 0.365793 0.365793
5.54173 4.42534 4.42534
2.64199 2.82899 2.82899
4.34371 3.3206 3.3206
3.44412 2.59602 2.59602
0.832868 2.13375 2.13375
3.60527 2.98791 2.98791
3.07402 3.77091 3.77091
6.33607 4.27369 4.27369
7.40936 1.42239 1.42239
6.054 3.11376 3.11376
5.0207 4.18941 4.18941
6.47275 0.569006 0.569006
3.86176 2.1898 2.1898
-0.0531323 0.824629 0.824629
4.01066 2.02576 2.02576
4.21496 3.50715 3.50715
3.84918 2.84403 2.84403
2.9542 4.12037 4.12037
4.47842 2.97957 2.97957
5.26496 3.6478 3.6478
8.69275 1.84505 1.84505
4.69524 2.77777 2.77777
6.28452 2.31813 2.31813
5.22863 2.63519 2.63519
7.93974 3.84542 3.84542
4.79952 5.22539 5.22539
6.42444 3.73946 3.73946
6.89343 3.86173 3.86173
6.2441 2.85368 2.85368
4.56591 3.43526 3.43526
6.82225 4.59224 4.59224
7.0178 2.17667 2.17667
3.52871 2.34675 2.34675
4.42874 1.5178 1.5178
4.38589 1.73669 1.73669
3.84071 4.39934 4.39934
5.82269 2.3954 2.3954
8.52513 1.88526 1.88526
4.53475 0.731156 0.731156
7.70267 1.49602 1.49602
3.71605 4.69079 4.69079
1.69778 1.02766 1.02766
6.86832 5.20568 5.20568
6.08065 0.0560389 0.0560389
5.26136 4.30328 4.30328
6.6821 1.01636 1.01636
4.25433 4.77654 4.77654
1.13006 2.00144 2.00144
4.15548 2.5571 2.5571
5.74699 6.71681 6.71681
4.24754 1.10763 1.10763
4.23935 1.78304 1.78304
5.38297 3.24582 3.24582
10.6514 3.80289 3.80289
1.21161 2.83147 2.83147
6.84503 5.00881 5.00881
5.13064 3.12589 3.12589
6.31482 0.536143 0.536143
5.93777 4.59403 4.59403
0.396144 1.35839 1.35839
6.89824 3.31258 3.31258
3.88956 2.92102 2.92102
6.5358 5.41441 5.41441
3.83486 3.65627 3.65627
4.32591 3.04966 3.04966
2.34475 4.64686 4.64686
2.25475 3.3535 3.3535
1.72733 4.04888 4.04888
2.74109 3.17303 3.17303
6.3488 5.19004 5.19004
6.22326 1.55241 1.55241
0.128544 4.11093 4.11093
3.8062 3.71594 3.71594
5.09574 5.35755 5.35755
1.04952 2.79748 2.79748
7.04825 1.48429 1.48429
4.43936 2.77731 2.77731
-1.30287 -0.045967 -0.045967
-2.10886 1.25097 1.25097
0.898671 2.44066 2.44066
-0.97927 0.819755 0.819755
-0.724406 0.866737 0.866737
-1.8534 0.108587 0.108587
