11.79 9.05871 9.05871
3.39721 8.879 8.879
13.8248 10.05 10.05
2.49065 8.77827 8.77827
10.384 9.855 9.855
8.30197 10.7532 10.7532
13.4419 10.1437 10.1437
7.38716 10.2601 10.2601
13.6657 9.74589 9.74589
6.06684 9.44561 9.44561
6.5478 10.1778 10.1778
7.71039 9.46162 9.46162
17.3951 10.2746 10.2746
14.2645 10.9151 10.9151
13.3913 11.7208 11.7208
7.00842 8.62482 8.62482
15.8709 8.57417 8.57417
11.8386 11.1443 11.1443
8.9171 9.96579 9.96579
10.6621 8.11008 8.11008
8.81879 8.56854 8.56854
8.65702 10.9423 10.9423
9.70875 11.0918 11.0918
11.7939 11.7319 11.7319
8.27875 10.8477 10.8477
10.9246 10.9037 10.9037
12.0521 11.0617 11.0617
10.5201 7.77609 7.77609
11.0223 10.5558 10.5558
12.0946 9.51748 9.51748
10.5205 9.4984 9.4984
9.52866 10.3465 10.3465
8.82924 9.99225 9.99225
11.9092 10.9402 10.9402
7.83069 11.2347 11.2347
13.59 11.1719 11.1719
7.83013 11.0437 11.0437
14.4831 10.6693 10.6693
7.32245 9.79044 9.79044
10.2754 10.1639 10.1639
8.87276 10.1255 10.1255
12.117 9.09178 9.09178
11.5908 10.85 10.85
12.6271 9.37366 9.37366
12.3033 10.1283 10.1283
8.61006 11.7279 11.7279
15.7002 11.2482 11.2482
19.4847 8.59549 8.59549
7.60908 9.47477 9.47477
4.31921 12.0649 12.0649
9.25692 10.2547 10.2547
10.4625 9.84867 9.84867
11.0572 11.1297 11.1297
10.4432 11.066 11.066
8.17175 12.6939 12.6939
5.60409 10.455 10.455
13.2388 10.3114 10.3114
8.62772 9.36954 9.36954
7.39829 12.7091 12.7091
3.71359 9.93647 9.93647
12.1434 8.86868 8.86868
2.89925 8.96812 8.96812
4.23215 9.20689 9.20689
4.98219 10.0855 10.0855
10.1563 10.2385 10.2385
12.4006 9.19774 9.19774
16.331 9.39675 9.39675
6.53864 9.07357 9.07357
4.66634 10.0542 10.0542
15.33 9.16972 9.16972
9.93148 9.49292 9.49292
8.52192 10.1857 10.1857
12.2139 9.8582 9.8582
9.32312 10.7809 10.7809
4.8681 10.7456 10.7456
7.58136 10.4453 10.4453
14.1495 10.4082 10.4082
9.07856 10.6012 10.6012
6.74115 10.7356 10.7356
8.43138 9.4136 9.4136
7.00885 12.4366 12.4366
13.0152 10.0371 10.0371
5.26314 10.9178 10.9178
1.65933 10.0673 10.0673
4.70154 7.92167 7.92167
5.96625 10.5432 10.5432
9.84087 9.84888 9.84888
8.34564 11.334 11.334
10.8017 10.6777 10.6777
6.44239 9.89449 9.89449
5.04782 10.1543 10.1543
9.28668 9.99444 9.99444
11.9206 10.7703 10.7703
10.9512 9.09105 9.09105
3.17652 9.82711 9.82711
12.3754 8.8724 8.8724
