4.23136 -0.745947 -0.745947
2.36521 -0.502468 -0.502468
5.83819 -0.553918 -0.553918
2.63188 -0.978263 -0.978263
1.35142 -0.186557 -0.186557
3.60794 -1.94037 -1.94037
-0.194295 -1.57194 -1.57194
4.86286 -2.33912 -2.33912
4.7122 -2.27655 -2.27655
3.08788 -2.08963 -2.08963
1.60495 -1.38139 -1.38139
4.00692 -1.31097 -1.31097
3.3444 -1.88501 -1.88501
3.14264 -1.60731 -1.60731
4.40301 -1.97415 -1.97415
5.07286 -1.40784 -1.40784
1.04687 -2.37425 -2.37425
4.10957 -2.20152 -2.20152
3.21004 -2.71853 -2.71853
2.26756 -1.77554 -1.77554
1.03087 -2.14654 -2.14654
2.28138 -2.786 -2.786
3.37431 -1.63579 -1.63579
3.76895 -2.41256 -2.41256
3.20763 -2.17978 -2.17978
0.185961 -1.85009 -1.85009
1.56243 -2.03032 -2.03032
5.33005 -2.90042 -2.90042
5.2977 -2.10582 -2.10582
5.46279 -3.08721 -3.08721
6.20845 -2.6495 -2.6495
2.5604 -1.88263 -1.88263
4.72217 -1.5672 -1.5672
1.60279 -2.66368 -2.66368
1.68347 -2.52938 -2.52938
3.26285 -2.60884 -2.60884
2.89975 -2.70121 -2.70121
2.94446 -2.19038 -2.19038
3.78691 -2.15393 -2.15393
2.02667 -1.64859 -1.64859
0.36026 -1.80803 -1.80803
4.74439 -2.00706 -2.00706
3.84676 -1.99908 -1.99908
4.19056 -2.20716 -2.20716
5.4785 -1.08039 -1.08039
5.35143 -2.77071 -2.77071
1.01327 -1.49858 -1.49858
0.581294 -2.54952 -2.54952
2.4182 -2.16146 -2.16146
2.73541 -2.15139 -2.15139
4.52523 -2.56394 -2.56394
-1.49213 -2.53922 -2.53922
2.04407 -1.8987 -1.8987
4.56421 -2.25862 -2.25862
1.13393 -2.34197 -2.34197
3.50929 -2.37863 -2.37863
2.06322 -2.36189 -2.36189
2.99326 -2.2248 -2.2248
3.12237 -1.36452 -1.36452
0.943048 -1.82115 -1.82115
-0.110429 -2.46631 -2.46631
5.55301 -1.94408 -1.94408
